Linux 6.2.0-36-generic (LIFEBOOK) 	20.11.2023 	_x86_64_	(4 CPU)

20.11.2023 09:48:04
avg-cpu:  %user   %nice %system %iowait  %steal   %idle
          17,05    0,03    1,86   16,62    0,00   64,45

Device            r/s     rkB/s   rrqm/s  %rrqm r_await rareq-sz     w/s     wkB/s   wrqm/s  %wrqm w_await wareq-sz     d/s     dkB/s   drqm/s  %drqm d_await dareq-sz     f/s f_await  aqu-sz  %util
dm-0           224,38   1974,89     0,00   0,00    0,85     8,80  256,02  30492,97     0,00   0,00    2,31   119,11    0,00      0,00     0,00   0,00    0,00     0,00    0,00    0,00    0,78  48,52
dm-1           224,33   1973,79     0,00   0,00    0,85     8,80  256,00  30492,97     0,00   0,00    2,31   119,11    0,00      0,00     0,00   0,00    0,00     0,00    0,00    0,00    0,78  48,47
dm-2             0,04      0,91     0,00   0,00    1,24    22,21    0,00      0,00     0,00   0,00    0,00     0,00    0,00      0,00     0,00   0,00    0,00     0,00    0,00    0,00    0,00   0,00
loop0            0,01      0,07     0,00   0,00    0,21     8,09    0,00      0,00     0,00   0,00    0,00     0,00    0,00      0,00     0,00   0,00    0,00     0,00    0,00    0,00    0,00   0,00
loop1            0,01      0,07     0,00   0,00    0,26     8,09    0,00      0,00     0,00   0,00    0,00     0,00    0,00      0,00     0,00   0,00    0,00     0,00    0,00    0,00    0,00   0,00
mmcblk0          0,02      0,44     0,00   0,00    1,63    18,26    0,00      0,00     0,00   0,00    0,00     0,00    0,00      0,00     0,00   0,00    0,00     0,00    0,00    0,00    0,00   0,00
sda            222,59   1977,80     1,90   0,85    0,78     8,89  262,04  30493,00     3,60   1,35    2,15   116,37    0,00      0,00     0,00   0,00    0,00     0,00    0,77   10,19    0,74  47,65


20.11.2023 09:48:11
avg-cpu:  %user   %nice %system %iowait  %steal   %idle
          10,46    0,00    3,38   37,84    0,00   48,33

Device            r/s     rkB/s   rrqm/s  %rrqm r_await rareq-sz     w/s     wkB/s   wrqm/s  %wrqm w_await wareq-sz     d/s     dkB/s   drqm/s  %drqm d_await dareq-sz     f/s f_await  aqu-sz  %util
dm-0          1164,14   9313,14     0,00   0,00    0,83     8,00  904,57   7232,57     0,00   0,00    0,63     8,00    0,00      0,00     0,00   0,00    0,00     0,00    0,00    0,00    1,53  99,94
dm-1          1164,14   9313,14     0,00   0,00    0,83     8,00  904,57   7232,57     0,00   0,00    0,63     8,00    0,00      0,00     0,00   0,00    0,00     0,00    0,00    0,00    1,54 100,00
dm-2             0,00      0,00     0,00   0,00    0,00     0,00    0,00      0,00     0,00   0,00    0,00     0,00    0,00      0,00     0,00   0,00    0,00     0,00    0,00    0,00    0,00   0,00
loop0            0,00      0,00     0,00   0,00    0,00     0,00    0,00      0,00     0,00   0,00    0,00     0,00    0,00      0,00     0,00   0,00    0,00     0,00    0,00    0,00    0,00   0,00
loop1            0,00      0,00     0,00   0,00    0,00     0,00    0,00      0,00     0,00   0,00    0,00     0,00    0,00      0,00     0,00   0,00    0,00     0,00    0,00    0,00    0,00   0,00
mmcblk0          0,00      0,00     0,00   0,00    0,00     0,00    0,00      0,00     0,00   0,00    0,00     0,00    0,00      0,00     0,00   0,00    0,00     0,00    0,00    0,00    0,00   0,00
sda           1164,14   9313,14     0,00   0,00    0,76     8,00  904,43   7232,57     0,14   0,02    0,60     8,00    0,00      0,00     0,00   0,00    0,00     0,00    0,43    0,33    1,42  99,94


20.11.2023 09:48:18
avg-cpu:  %user   %nice %system %iowait  %steal   %idle
          12,68    0,00    4,19   35,63    0,00   47,50

Device            r/s     rkB/s   rrqm/s  %rrqm r_await rareq-sz     w/s     wkB/s   wrqm/s  %wrqm w_await wareq-sz     d/s     dkB/s   drqm/s  %drqm d_await dareq-sz     f/s f_await  aqu-sz  %util
dm-0          1391,29  11130,29     0,00   0,00    0,68     8,00 1087,71   8657,14     0,00   0,00    0,43     7,96    0,00      0,00     0,00   0,00    0,00     0,00    0,00    0,00    1,42 100,00
dm-1          1391,29  11130,29     0,00   0,00    0,69     8,00 1087,71   8657,14     0,00   0,00    0,43     7,96    0,00      0,00     0,00   0,00    0,00     0,00    0,00    0,00    1,43 100,00
dm-2             0,00      0,00     0,00   0,00    0,00     0,00    0,00      0,00     0,00   0,00    0,00     0,00    0,00      0,00     0,00   0,00    0,00     0,00    0,00    0,00    0,00   0,00
loop0            0,00      0,00     0,00   0,00    0,00     0,00    0,00      0,00     0,00   0,00    0,00     0,00    0,00      0,00     0,00   0,00    0,00     0,00    0,00    0,00    0,00   0,00
loop1            0,00      0,00     0,00   0,00    0,00     0,00    0,00      0,00     0,00   0,00    0,00     0,00    0,00      0,00     0,00   0,00    0,00     0,00    0,00    0,00    0,00   0,00
mmcblk0          0,00      0,00     0,00   0,00    0,00     0,00    0,00      0,00     0,00   0,00    0,00     0,00    0,00      0,00     0,00   0,00    0,00     0,00    0,00    0,00    0,00   0,00
sda           1391,29  11130,29     0,00   0,00    0,62     8,00 1086,00   8657,14     1,71   0,16    0,44     7,97    0,00      0,00     0,00   0,00    0,00     0,00    0,43    0,33    1,35 100,00


20.11.2023 09:48:25
avg-cpu:  %user   %nice %system %iowait  %steal   %idle
          12,70    0,00    3,69   35,89    0,00   47,73

Device            r/s     rkB/s   rrqm/s  %rrqm r_await rareq-sz     w/s     wkB/s   wrqm/s  %wrqm w_await wareq-sz     d/s     dkB/s   drqm/s  %drqm d_await dareq-sz     f/s f_await  aqu-sz  %util
dm-0          1448,71  11589,71     0,00   0,00    0,66     8,00 1119,86   8940,00     0,00   0,00    0,43     7,98    0,00      0,00     0,00   0,00    0,00     0,00    0,00    0,00    1,44 100,06
dm-1          1448,43  11587,43     0,00   0,00    0,66     8,00 1119,86   8940,00     0,00   0,00    0,43     7,98    0,00      0,00     0,00   0,00    0,00     0,00    0,00    0,00    1,44 100,00
dm-2             0,00      0,00     0,00   0,00    0,00     0,00    0,00      0,00     0,00   0,00    0,00     0,00    0,00      0,00     0,00   0,00    0,00     0,00    0,00    0,00    0,00   0,00
loop0            0,00      0,00     0,00   0,00    0,00     0,00    0,00      0,00     0,00   0,00    0,00     0,00    0,00      0,00     0,00   0,00    0,00     0,00    0,00    0,00    0,00   0,00
loop1            0,00      0,00     0,00   0,00    0,00     0,00    0,00      0,00     0,00   0,00    0,00     0,00    0,00      0,00     0,00   0,00    0,00     0,00    0,00    0,00    0,00   0,00
mmcblk0          0,00      0,00     0,00   0,00    0,00     0,00    0,00      0,00     0,00   0,00    0,00     0,00    0,00      0,00     0,00   0,00    0,00     0,00    0,00    0,00    0,00   0,00
sda           1448,71  11589,71     0,00   0,00    0,61     8,00 1119,86   8940,00     0,00   0,00    0,41     7,98    0,00      0,00     0,00   0,00    0,00     0,00    0,86    0,50    1,34 100,06


20.11.2023 09:48:32
avg-cpu:  %user   %nice %system %iowait  %steal   %idle
          12,15    0,00    3,64   36,16    0,00   48,05

Device            r/s     rkB/s   rrqm/s  %rrqm r_await rareq-sz     w/s     wkB/s   wrqm/s  %wrqm w_await wareq-sz     d/s     dkB/s   drqm/s  %drqm d_await dareq-sz     f/s f_await  aqu-sz  %util
dm-0          1371,29  10970,29     0,00   0,00    0,68     8,00 1136,57   9089,14     0,00   0,00    0,44     8,00    0,00      0,00     0,00   0,00    0,00     0,00    0,00    0,00    1,44  99,94
dm-1          1371,43  10971,43     0,00   0,00    0,69     8,00 1136,57   9089,14     0,00   0,00    0,45     8,00    0,00      0,00     0,00   0,00    0,00     0,00    0,00    0,00    1,45 100,00
dm-2             0,00      0,00     0,00   0,00    0,00     0,00    0,00      0,00     0,00   0,00    0,00     0,00    0,00      0,00     0,00   0,00    0,00     0,00    0,00    0,00    0,00   0,00
loop0            0,00      0,00     0,00   0,00    0,00     0,00    0,00      0,00     0,00   0,00    0,00     0,00    0,00      0,00     0,00   0,00    0,00     0,00    0,00    0,00    0,00   0,00
loop1            0,00      0,00     0,00   0,00    0,00     0,00    0,00      0,00     0,00   0,00    0,00     0,00    0,00      0,00     0,00   0,00    0,00     0,00    0,00    0,00    0,00   0,00
mmcblk0          0,00      0,00     0,00   0,00    0,00     0,00    0,00      0,00     0,00   0,00    0,00     0,00    0,00      0,00     0,00   0,00    0,00     0,00    0,00    0,00    0,00   0,00
sda           1371,29  10970,29     0,00   0,00    0,64     8,00 1136,43   9089,14     0,14   0,01    0,43     8,00    0,00      0,00     0,00   0,00    0,00     0,00    0,43    0,00    1,37  99,94


20.11.2023 09:48:39
avg-cpu:  %user   %nice %system %iowait  %steal   %idle
          11,76    0,00    4,12   35,80    0,00   48,31

Device            r/s     rkB/s   rrqm/s  %rrqm r_await rareq-sz     w/s     wkB/s   wrqm/s  %wrqm w_await wareq-sz     d/s     dkB/s   drqm/s  %drqm d_await dareq-sz     f/s f_await  aqu-sz  %util
dm-0          1414,29  11314,29     0,00   0,00    0,67     8,00 1136,14   9081,71     0,00   0,00    0,45     7,99    0,00      0,00     0,00   0,00    0,00     0,00    0,00    0,00    1,45 100,06
dm-1          1414,29  11314,29     0,00   0,00    0,67     8,00 1136,14   9081,71     0,00   0,00    0,45     7,99    0,00      0,00     0,00   0,00    0,00     0,00    0,00    0,00    1,46 100,06
dm-2             0,00      0,00     0,00   0,00    0,00     0,00    0,00      0,00     0,00   0,00    0,00     0,00    0,00      0,00     0,00   0,00    0,00     0,00    0,00    0,00    0,00   0,00
loop0            0,00      0,00     0,00   0,00    0,00     0,00    0,00      0,00     0,00   0,00    0,00     0,00    0,00      0,00     0,00   0,00    0,00     0,00    0,00    0,00    0,00   0,00
loop1            0,00      0,00     0,00   0,00    0,00     0,00    0,00      0,00     0,00   0,00    0,00     0,00    0,00      0,00     0,00   0,00    0,00     0,00    0,00    0,00    0,00   0,00
mmcblk0          0,00      0,00     0,00   0,00    0,00     0,00    0,00      0,00     0,00   0,00    0,00     0,00    0,00      0,00     0,00   0,00    0,00     0,00    0,00    0,00    0,00   0,00
sda           1414,43  11315,43     0,00   0,00    0,62     8,00 1136,14   9081,71     0,00   0,00    0,42     7,99    0,00      0,00     0,00   0,00    0,00     0,00    0,86    0,33    1,35 100,06


20.11.2023 09:48:46
avg-cpu:  %user   %nice %system %iowait  %steal   %idle
          13,21    0,00    3,94   35,30    0,00   47,55

Device            r/s     rkB/s   rrqm/s  %rrqm r_await rareq-sz     w/s     wkB/s   wrqm/s  %wrqm w_await wareq-sz     d/s     dkB/s   drqm/s  %drqm d_await dareq-sz     f/s f_await  aqu-sz  %util
dm-0          1443,57  11548,57     0,00   0,00    0,65     8,00 1122,71   8978,29     0,00   0,00    0,39     8,00    0,00      0,00     0,00   0,00    0,00     0,00    0,00    0,00    1,38 100,00
dm-1          1443,71  11549,71     0,00   0,00    0,65     8,00 1122,71   8978,29     0,00   0,00    0,39     8,00    0,00      0,00     0,00   0,00    0,00     0,00    0,00    0,00    1,38  99,94
dm-2             0,00      0,00     0,00   0,00    0,00     0,00    0,00      0,00     0,00   0,00    0,00     0,00    0,00      0,00     0,00   0,00    0,00     0,00    0,00    0,00    0,00   0,00
loop0            0,00      0,00     0,00   0,00    0,00     0,00    0,00      0,00     0,00   0,00    0,00     0,00    0,00      0,00     0,00   0,00    0,00     0,00    0,00    0,00    0,00   0,00
loop1            0,00      0,00     0,00   0,00    0,00     0,00    0,00      0,00     0,00   0,00    0,00     0,00    0,00      0,00     0,00   0,00    0,00     0,00    0,00    0,00    0,00   0,00
mmcblk0          0,00      0,00     0,00   0,00    0,00     0,00    0,00      0,00     0,00   0,00    0,00     0,00    0,00      0,00     0,00   0,00    0,00     0,00    0,00    0,00    0,00   0,00
sda           1443,43  11547,43     0,00   0,00    0,59     8,00 1122,43   8978,29     0,29   0,03    0,40     8,00    0,00      0,00     0,00   0,00    0,00     0,00    0,43    0,33    1,30 100,00


20.11.2023 09:48:53
avg-cpu:  %user   %nice %system %iowait  %steal   %idle
          12,30    0,00    4,11   35,62    0,00   47,96

Device            r/s     rkB/s   rrqm/s  %rrqm r_await rareq-sz     w/s     wkB/s   wrqm/s  %wrqm w_await wareq-sz     d/s     dkB/s   drqm/s  %drqm d_await dareq-sz     f/s f_await  aqu-sz  %util
dm-0          1417,00  11336,00     0,00   0,00    0,66     8,00 1130,43   9038,29     0,00   0,00    0,44     8,00    0,00      0,00     0,00   0,00    0,00     0,00    0,00    0,00    1,44 100,00
dm-1          1417,00  11336,00     0,00   0,00    0,67     8,00 1130,43   9038,29     0,00   0,00    0,44     8,00    0,00      0,00     0,00   0,00    0,00     0,00    0,00    0,00    1,45 100,06
dm-2             0,00      0,00     0,00   0,00    0,00     0,00    0,00      0,00     0,00   0,00    0,00     0,00    0,00      0,00     0,00   0,00    0,00     0,00    0,00    0,00    0,00   0,00
loop0            0,00      0,00     0,00   0,00    0,00     0,00    0,00      0,00     0,00   0,00    0,00     0,00    0,00      0,00     0,00   0,00    0,00     0,00    0,00    0,00    0,00   0,00
loop1            0,00      0,00     0,00   0,00    0,00     0,00    0,00      0,00     0,00   0,00    0,00     0,00    0,00      0,00     0,00   0,00    0,00     0,00    0,00    0,00    0,00   0,00
mmcblk0          0,00      0,00     0,00   0,00    0,00     0,00    0,00      0,00     0,00   0,00    0,00     0,00    0,00      0,00     0,00   0,00    0,00     0,00    0,00    0,00    0,00   0,00
sda           1417,00  11336,00     0,00   0,00    0,62     8,00 1130,14   9038,29     0,29   0,03    0,42     8,00    0,00      0,00     0,00   0,00    0,00     0,00    0,43    0,33    1,36 100,00


20.11.2023 09:49:00
avg-cpu:  %user   %nice %system %iowait  %steal   %idle
          12,89    0,00    3,40   35,74    0,00   47,96

Device            r/s     rkB/s   rrqm/s  %rrqm r_await rareq-sz     w/s     wkB/s   wrqm/s  %wrqm w_await wareq-sz     d/s     dkB/s   drqm/s  %drqm d_await dareq-sz     f/s f_await  aqu-sz  %util
dm-0          1430,14  11441,14     0,00   0,00    0,67     8,00 1111,00   8881,71     0,00   0,00    0,44     7,99    0,00      0,00     0,00   0,00    0,00     0,00    0,00    0,00    1,44 100,00
dm-1          1430,00  11440,00     0,00   0,00    0,67     8,00 1110,86   8880,57     0,00   0,00    0,44     7,99    0,00      0,00     0,00   0,00    0,00     0,00    0,00    0,00    1,45 100,00
dm-2             0,00      0,00     0,00   0,00    0,00     0,00    0,00      0,00     0,00   0,00    0,00     0,00    0,00      0,00     0,00   0,00    0,00     0,00    0,00    0,00    0,00   0,00
loop0            0,00      0,00     0,00   0,00    0,00     0,00    0,00      0,00     0,00   0,00    0,00     0,00    0,00      0,00     0,00   0,00    0,00     0,00    0,00    0,00    0,00   0,00
loop1            0,00      0,00     0,00   0,00    0,00     0,00    0,00      0,00     0,00   0,00    0,00     0,00    0,00      0,00     0,00   0,00    0,00     0,00    0,00    0,00    0,00   0,00
mmcblk0          0,00      0,00     0,00   0,00    0,00     0,00    0,00      0,00     0,00   0,00    0,00     0,00    0,00      0,00     0,00   0,00    0,00     0,00    0,00    0,00    0,00   0,00
sda           1430,14  11441,14     0,00   0,00    0,61     8,00 1110,71   8881,71     0,29   0,03    0,42     8,00    0,00      0,00     0,00   0,00    0,00     0,00    0,86    0,33    1,34 100,00


20.11.2023 09:49:07
avg-cpu:  %user   %nice %system %iowait  %steal   %idle
           9,19    0,00    2,44   39,72    0,00   48,65

Device            r/s     rkB/s   rrqm/s  %rrqm r_await rareq-sz     w/s     wkB/s   wrqm/s  %wrqm w_await wareq-sz     d/s     dkB/s   drqm/s  %drqm d_await dareq-sz     f/s f_await  aqu-sz  %util
dm-0           950,14   7601,14     0,00   0,00    1,01     8,00  758,00   6060,57     0,00   0,00    0,82     8,00    0,00      0,00     0,00   0,00    0,00     0,00    0,00    0,00    1,58 100,00
dm-1           950,14   7601,14     0,00   0,00    1,01     8,00  758,14   6061,71     0,00   0,00    0,82     8,00    0,00      0,00     0,00   0,00    0,00     0,00    0,00    0,00    1,58 100,00
dm-2             0,00      0,00     0,00   0,00    0,00     0,00    0,00      0,00     0,00   0,00    0,00     0,00    0,00      0,00     0,00   0,00    0,00     0,00    0,00    0,00    0,00   0,00
loop0            0,00      0,00     0,00   0,00    0,00     0,00    0,00      0,00     0,00   0,00    0,00     0,00    0,00      0,00     0,00   0,00    0,00     0,00    0,00    0,00    0,00   0,00
loop1            0,00      0,00     0,00   0,00    0,00     0,00    0,00      0,00     0,00   0,00    0,00     0,00    0,00      0,00     0,00   0,00    0,00     0,00    0,00    0,00    0,00   0,00
mmcblk0          0,00      0,00     0,00   0,00    0,00     0,00    0,00      0,00     0,00   0,00    0,00     0,00    0,00      0,00     0,00   0,00    0,00     0,00    0,00    0,00    0,00   0,00
sda            950,29   7602,29     0,00   0,00    0,96     8,00  757,71   6060,57     0,29   0,04    0,81     8,00    0,00      0,00     0,00   0,00    0,00     0,00    0,43    0,67    1,53 100,00


20.11.2023 09:49:14
avg-cpu:  %user   %nice %system %iowait  %steal   %idle
          12,50    0,00    3,71   35,68    0,00   48,11

Device            r/s     rkB/s   rrqm/s  %rrqm r_await rareq-sz     w/s     wkB/s   wrqm/s  %wrqm w_await wareq-sz     d/s     dkB/s   drqm/s  %drqm d_await dareq-sz     f/s f_await  aqu-sz  %util
dm-0          1443,14  11545,14     0,00   0,00    0,66     8,00 1116,43   8927,43     0,00   0,00    0,43     8,00    0,00      0,00     0,00   0,00    0,00     0,00    0,00    0,00    1,44 100,00
dm-1          1443,29  11546,29     0,00   0,00    0,66     8,00 1116,43   8927,43     0,00   0,00    0,44     8,00    0,00      0,00     0,00   0,00    0,00     0,00    0,00    0,00    1,44 100,00
dm-2             0,00      0,00     0,00   0,00    0,00     0,00    0,00      0,00     0,00   0,00    0,00     0,00    0,00      0,00     0,00   0,00    0,00     0,00    0,00    0,00    0,00   0,00
loop0            0,00      0,00     0,00   0,00    0,00     0,00    0,00      0,00     0,00   0,00    0,00     0,00    0,00      0,00     0,00   0,00    0,00     0,00    0,00    0,00    0,00   0,00
loop1            0,00      0,00     0,00   0,00    0,00     0,00    0,00      0,00     0,00   0,00    0,00     0,00    0,00      0,00     0,00   0,00    0,00     0,00    0,00    0,00    0,00   0,00
mmcblk0          0,00      0,00     0,00   0,00    0,00     0,00    0,00      0,00     0,00   0,00    0,00     0,00    0,00      0,00     0,00   0,00    0,00     0,00    0,00    0,00    0,00   0,00
sda           1443,00  11544,00     0,00   0,00    0,60     8,00 1116,14   8927,43     0,29   0,03    0,41     8,00    0,00      0,00     0,00   0,00    0,00     0,00    0,43    0,33    1,33 100,00


20.11.2023 09:49:21
avg-cpu:  %user   %nice %system %iowait  %steal   %idle
           9,17    0,00    2,26   39,81    0,00   48,76

Device            r/s     rkB/s   rrqm/s  %rrqm r_await rareq-sz     w/s     wkB/s   wrqm/s  %wrqm w_await wareq-sz     d/s     dkB/s   drqm/s  %drqm d_await dareq-sz     f/s f_await  aqu-sz  %util
dm-0           944,86   7558,86     0,00   0,00    1,03     8,00  784,29   6266,86     0,00   0,00    0,80     7,99    0,00      0,00     0,00   0,00    0,00     0,00    0,00    0,00    1,59 100,00
dm-1           944,86   7558,86     0,00   0,00    1,03     8,00  784,29   6266,86     0,00   0,00    0,80     7,99    0,00      0,00     0,00   0,00    0,00     0,00    0,00    0,00    1,60 100,00
dm-2             0,00      0,00     0,00   0,00    0,00     0,00    0,00      0,00     0,00   0,00    0,00     0,00    0,00      0,00     0,00   0,00    0,00     0,00    0,00    0,00    0,00   0,00
loop0            0,00      0,00     0,00   0,00    0,00     0,00    0,00      0,00     0,00   0,00    0,00     0,00    0,00      0,00     0,00   0,00    0,00     0,00    0,00    0,00    0,00   0,00
loop1            0,00      0,00     0,00   0,00    0,00     0,00    0,00      0,00     0,00   0,00    0,00     0,00    0,00      0,00     0,00   0,00    0,00     0,00    0,00    0,00    0,00   0,00
mmcblk0          0,00      0,00     0,00   0,00    0,00     0,00    0,00      0,00     0,00   0,00    0,00     0,00    0,00      0,00     0,00   0,00    0,00     0,00    0,00    0,00    0,00   0,00
sda            945,00   7560,00     0,00   0,00    0,97     8,00  784,00   6268,00     0,43   0,05    0,79     7,99    0,00      0,00     0,00   0,00    0,00     0,00    0,86    0,50    1,53 100,00


20.11.2023 09:49:28
avg-cpu:  %user   %nice %system %iowait  %steal   %idle
          12,65    0,00    3,69   35,61    0,00   48,05

Device            r/s     rkB/s   rrqm/s  %rrqm r_await rareq-sz     w/s     wkB/s   wrqm/s  %wrqm w_await wareq-sz     d/s     dkB/s   drqm/s  %drqm d_await dareq-sz     f/s f_await  aqu-sz  %util
dm-0          1434,43  11475,43     0,00   0,00    0,67     8,00 1094,86   8753,71     0,00   0,00    0,44     8,00    0,00      0,00     0,00   0,00    0,00     0,00    0,00    0,00    1,43 100,00
dm-1          1434,29  11474,29     0,00   0,00    0,67     8,00 1094,86   8753,71     0,00   0,00    0,44     8,00    0,00      0,00     0,00   0,00    0,00     0,00    0,00    0,00    1,44 100,00
dm-2             0,00      0,00     0,00   0,00    0,00     0,00    0,00      0,00     0,00   0,00    0,00     0,00    0,00      0,00     0,00   0,00    0,00     0,00    0,00    0,00    0,00   0,00
loop0            0,00      0,00     0,00   0,00    0,00     0,00    0,00      0,00     0,00   0,00    0,00     0,00    0,00      0,00     0,00   0,00    0,00     0,00    0,00    0,00    0,00   0,00
loop1            0,00      0,00     0,00   0,00    0,00     0,00    0,00      0,00     0,00   0,00    0,00     0,00    0,00      0,00     0,00   0,00    0,00     0,00    0,00    0,00    0,00   0,00
mmcblk0          0,00      0,00     0,00   0,00    0,00     0,00    0,00      0,00     0,00   0,00    0,00     0,00    0,00      0,00     0,00   0,00    0,00     0,00    0,00    0,00    0,00   0,00
sda           1434,29  11474,29     0,00   0,00    0,61     8,00 1094,57   8752,57     0,14   0,01    0,42     8,00    0,00      0,00     0,00   0,00    0,00     0,00    0,43    0,00    1,34 100,00


20.11.2023 09:49:35
avg-cpu:  %user   %nice %system %iowait  %steal   %idle
           9,61    0,00    3,00   39,31    0,00   48,07

Device            r/s     rkB/s   rrqm/s  %rrqm r_await rareq-sz     w/s     wkB/s   wrqm/s  %wrqm w_await wareq-sz     d/s     dkB/s   drqm/s  %drqm d_await dareq-sz     f/s f_await  aqu-sz  %util
dm-0           966,57   7732,57     0,00   0,00    0,98     8,00  780,14   6234,86     0,00   0,00    0,80     7,99    0,00      0,00     0,00   0,00    0,00     0,00    0,00    0,00    1,57 100,00
dm-1           966,57   7732,57     0,00   0,00    0,98     8,00  780,14   6234,86     0,00   0,00    0,80     7,99    0,00      0,00     0,00   0,00    0,00     0,00    0,00    0,00    1,57 100,00
dm-2             0,00      0,00     0,00   0,00    0,00     0,00    0,00      0,00     0,00   0,00    0,00     0,00    0,00      0,00     0,00   0,00    0,00     0,00    0,00    0,00    0,00   0,00
loop0            0,00      0,00     0,00   0,00    0,00     0,00    0,00      0,00     0,00   0,00    0,00     0,00    0,00      0,00     0,00   0,00    0,00     0,00    0,00    0,00    0,00   0,00
loop1            0,00      0,00     0,00   0,00    0,00     0,00    0,00      0,00     0,00   0,00    0,00     0,00    0,00      0,00     0,00   0,00    0,00     0,00    0,00    0,00    0,00   0,00
mmcblk0          0,00      0,00     0,00   0,00    0,00     0,00    0,00      0,00     0,00   0,00    0,00     0,00    0,00      0,00     0,00   0,00    0,00     0,00    0,00    0,00    0,00   0,00
sda            966,71   7733,71     0,00   0,00    0,93     8,00  780,00   6234,86     0,14   0,02    0,79     7,99    0,00      0,00     0,00   0,00    0,00     0,00    0,86    9,33    1,53 100,00


20.11.2023 09:49:42
avg-cpu:  %user   %nice %system %iowait  %steal   %idle
          11,33    0,00    3,01   37,60    0,00   48,06

Device            r/s     rkB/s   rrqm/s  %rrqm r_await rareq-sz     w/s     wkB/s   wrqm/s  %wrqm w_await wareq-sz     d/s     dkB/s   drqm/s  %drqm d_await dareq-sz     f/s f_await  aqu-sz  %util
dm-0          1255,14  10041,14     0,00   0,00    0,77     8,00 1022,14   8161,71     0,00   0,00    0,53     7,98    0,00      0,00     0,00   0,00    0,00     0,00    0,00    0,00    1,52 100,00
dm-1          1255,29  10042,29     0,00   0,00    0,78     8,00 1022,14   8161,71     0,00   0,00    0,53     7,98    0,00      0,00     0,00   0,00    0,00     0,00    0,00    0,00    1,52 100,00
dm-2             0,00      0,00     0,00   0,00    0,00     0,00    0,00      0,00     0,00   0,00    0,00     0,00    0,00      0,00     0,00   0,00    0,00     0,00    0,00    0,00    0,00   0,00
loop0            0,00      0,00     0,00   0,00    0,00     0,00    0,00      0,00     0,00   0,00    0,00     0,00    0,00      0,00     0,00   0,00    0,00     0,00    0,00    0,00    0,00   0,00
loop1            0,00      0,00     0,00   0,00    0,00     0,00    0,00      0,00     0,00   0,00    0,00     0,00    0,00      0,00     0,00   0,00    0,00     0,00    0,00    0,00    0,00   0,00
mmcblk0          0,00      0,00     0,00   0,00    0,00     0,00    0,00      0,00     0,00   0,00    0,00     0,00    0,00      0,00     0,00   0,00    0,00     0,00    0,00    0,00    0,00   0,00
sda           1255,00  10040,00     0,00   0,00    0,71     8,00 1020,57   8161,71     1,57   0,15    0,52     8,00    0,00      0,00     0,00   0,00    0,00     0,00    0,86    0,33    1,41 100,00


20.11.2023 09:49:49
avg-cpu:  %user   %nice %system %iowait  %steal   %idle
          10,05    0,00    2,69   38,75    0,00   48,51

Device            r/s     rkB/s   rrqm/s  %rrqm r_await rareq-sz     w/s     wkB/s   wrqm/s  %wrqm w_await wareq-sz     d/s     dkB/s   drqm/s  %drqm d_await dareq-sz     f/s f_await  aqu-sz  %util
dm-0          1120,43   8963,43     0,00   0,00    0,87     8,00  900,43   7194,86     0,00   0,00    0,66     7,99    0,00      0,00     0,00   0,00    0,00     0,00    0,00    0,00    1,56 100,00
dm-1          1120,29   8962,29     0,00   0,00    0,87     8,00  900,29   7193,71     0,00   0,00    0,66     7,99    0,00      0,00     0,00   0,00    0,00     0,00    0,00    0,00    1,57 100,00
dm-2             0,00      0,00     0,00   0,00    0,00     0,00    0,00      0,00     0,00   0,00    0,00     0,00    0,00      0,00     0,00   0,00    0,00     0,00    0,00    0,00    0,00   0,00
loop0            0,00      0,00     0,00   0,00    0,00     0,00    0,00      0,00     0,00   0,00    0,00     0,00    0,00      0,00     0,00   0,00    0,00     0,00    0,00    0,00    0,00   0,00
loop1            0,00      0,00     0,00   0,00    0,00     0,00    0,00      0,00     0,00   0,00    0,00     0,00    0,00      0,00     0,00   0,00    0,00     0,00    0,00    0,00    0,00   0,00
mmcblk0          0,00      0,00     0,00   0,00    0,00     0,00    0,00      0,00     0,00   0,00    0,00     0,00    0,00      0,00     0,00   0,00    0,00     0,00    0,00    0,00    0,00   0,00
sda           1120,43   8963,43     0,00   0,00    0,81     8,00  899,71   7194,86     0,71   0,08    0,63     8,00    0,00      0,00     0,00   0,00    0,00     0,00    0,86    0,33    1,47 100,00


20.11.2023 09:49:56
avg-cpu:  %user   %nice %system %iowait  %steal   %idle
          10,73    0,00    3,05   37,40    0,00   48,82

Device            r/s     rkB/s   rrqm/s  %rrqm r_await rareq-sz     w/s     wkB/s   wrqm/s  %wrqm w_await wareq-sz     d/s     dkB/s   drqm/s  %drqm d_await dareq-sz     f/s f_await  aqu-sz  %util
dm-0          1167,00   9336,00     0,00   0,00    0,82     8,00  893,29   7142,86     0,00   0,00    0,62     8,00    0,00      0,00     0,00   0,00    0,00     0,00    0,00    0,00    1,51 100,00
dm-1          1167,14   9337,14     0,00   0,00    0,82     8,00  893,43   7144,00     0,00   0,00    0,63     8,00    0,00      0,00     0,00   0,00    0,00     0,00    0,00    0,00    1,51 100,00
dm-2             0,00      0,00     0,00   0,00    0,00     0,00    0,00      0,00     0,00   0,00    0,00     0,00    0,00      0,00     0,00   0,00    0,00     0,00    0,00    0,00    0,00   0,00
loop0            0,00      0,00     0,00   0,00    0,00     0,00    0,00      0,00     0,00   0,00    0,00     0,00    0,00      0,00     0,00   0,00    0,00     0,00    0,00    0,00    0,00   0,00
loop1            0,00      0,00     0,00   0,00    0,00     0,00    0,00      0,00     0,00   0,00    0,00     0,00    0,00      0,00     0,00   0,00    0,00     0,00    0,00    0,00    0,00   0,00
mmcblk0          0,00      0,00     0,00   0,00    0,00     0,00    0,00      0,00     0,00   0,00    0,00     0,00    0,00      0,00     0,00   0,00    0,00     0,00    0,00    0,00    0,00   0,00
sda           1167,00   9336,00     0,00   0,00    0,76     8,00  893,14   7142,86     0,14   0,02    0,61     8,00    0,00      0,00     0,00   0,00    0,00     0,00    0,43    0,33    1,43 100,06


20.11.2023 09:50:03
avg-cpu:  %user   %nice %system %iowait  %steal   %idle
          11,64    0,00    3,22   37,09    0,00   48,05

Device            r/s     rkB/s   rrqm/s  %rrqm r_await rareq-sz     w/s     wkB/s   wrqm/s  %wrqm w_await wareq-sz     d/s     dkB/s   drqm/s  %drqm d_await dareq-sz     f/s f_await  aqu-sz  %util
dm-0          1258,57  10068,57     0,00   0,00    0,75     8,00  970,57   7754,29     0,00   0,00    0,54     7,99    0,00      0,00     0,00   0,00    0,00     0,00    0,00    0,00    1,47 100,00
dm-1          1258,57  10068,57     0,00   0,00    0,75     8,00  970,57   7754,29     0,00   0,00    0,54     7,99    0,00      0,00     0,00   0,00    0,00     0,00    0,00    0,00    1,47 100,00
dm-2             0,00      0,00     0,00   0,00    0,00     0,00    0,00      0,00     0,00   0,00    0,00     0,00    0,00      0,00     0,00   0,00    0,00     0,00    0,00    0,00    0,00   0,00
loop0            0,00      0,00     0,00   0,00    0,00     0,00    0,00      0,00     0,00   0,00    0,00     0,00    0,00      0,00     0,00   0,00    0,00     0,00    0,00    0,00    0,00   0,00
loop1            0,00      0,00     0,00   0,00    0,00     0,00    0,00      0,00     0,00   0,00    0,00     0,00    0,00      0,00     0,00   0,00    0,00     0,00    0,00    0,00    0,00   0,00
mmcblk0          0,00      0,00     0,00   0,00    0,00     0,00    0,00      0,00     0,00   0,00    0,00     0,00    0,00      0,00     0,00   0,00    0,00     0,00    0,00    0,00    0,00   0,00
sda           1258,57  10068,57     0,00   0,00    0,70     8,00  970,29   7754,29     0,29   0,03    0,52     7,99    0,00      0,00     0,00   0,00    0,00     0,00    0,43    0,33    1,39  99,94


20.11.2023 09:50:10
avg-cpu:  %user   %nice %system %iowait  %steal   %idle
           9,91    0,00    3,17   38,99    0,00   47,93

Device            r/s     rkB/s   rrqm/s  %rrqm r_await rareq-sz     w/s     wkB/s   wrqm/s  %wrqm w_await wareq-sz     d/s     dkB/s   drqm/s  %drqm d_await dareq-sz     f/s f_await  aqu-sz  %util
dm-0          1034,57   8276,57     0,00   0,00    0,94     8,00  823,57   6582,29     0,00   0,00    0,75     7,99    0,00      0,00     0,00   0,00    0,00     0,00    0,00    0,00    1,59 100,00
dm-1          1034,57   8276,57     0,00   0,00    0,94     8,00  823,57   6582,29     0,00   0,00    0,75     7,99    0,00      0,00     0,00   0,00    0,00     0,00    0,00    0,00    1,59 100,00
dm-2             0,00      0,00     0,00   0,00    0,00     0,00    0,00      0,00     0,00   0,00    0,00     0,00    0,00      0,00     0,00   0,00    0,00     0,00    0,00    0,00    0,00   0,00
loop0            0,00      0,00     0,00   0,00    0,00     0,00    0,00      0,00     0,00   0,00    0,00     0,00    0,00      0,00     0,00   0,00    0,00     0,00    0,00    0,00    0,00   0,00
loop1            0,00      0,00     0,00   0,00    0,00     0,00    0,00      0,00     0,00   0,00    0,00     0,00    0,00      0,00     0,00   0,00    0,00     0,00    0,00    0,00    0,00   0,00
mmcblk0          0,00      0,00     0,00   0,00    0,00     0,00    0,00      0,00     0,00   0,00    0,00     0,00    0,00      0,00     0,00   0,00    0,00     0,00    0,00    0,00    0,00   0,00
sda           1034,57   8276,57     0,00   0,00    0,88     8,00  823,29   6582,29     0,29   0,03    0,74     8,00    0,00      0,00     0,00   0,00    0,00     0,00    0,86    8,33    1,53 100,00


20.11.2023 09:50:17
avg-cpu:  %user   %nice %system %iowait  %steal   %idle
           3,60    0,00    0,86   46,28    0,00   49,26

Device            r/s     rkB/s   rrqm/s  %rrqm r_await rareq-sz     w/s     wkB/s   wrqm/s  %wrqm w_await wareq-sz     d/s     dkB/s   drqm/s  %drqm d_await dareq-sz     f/s f_await  aqu-sz  %util
dm-0           184,57   1476,57     0,00   0,00    5,35     8,00  139,43   1112,00     0,00   0,00    6,28     7,98    0,00      0,00     0,00   0,00    0,00     0,00    0,00    0,00    1,86 100,00
dm-1           184,57   1476,57     0,00   0,00    5,36     8,00  139,43   1112,00     0,00   0,00    6,29     7,98    0,00      0,00     0,00   0,00    0,00     0,00    0,00    0,00    1,87 100,00
dm-2             0,00      0,00     0,00   0,00    0,00     0,00    0,00      0,00     0,00   0,00    0,00     0,00    0,00      0,00     0,00   0,00    0,00     0,00    0,00    0,00    0,00   0,00
loop0            0,00      0,00     0,00   0,00    0,00     0,00    0,00      0,00     0,00   0,00    0,00     0,00    0,00      0,00     0,00   0,00    0,00     0,00    0,00    0,00    0,00   0,00
loop1            0,00      0,00     0,00   0,00    0,00     0,00    0,00      0,00     0,00   0,00    0,00     0,00    0,00      0,00     0,00   0,00    0,00     0,00    0,00    0,00    0,00   0,00
mmcblk0          0,00      0,00     0,00   0,00    0,00     0,00    0,00      0,00     0,00   0,00    0,00     0,00    0,00      0,00     0,00   0,00    0,00     0,00    0,00    0,00    0,00   0,00
sda            184,57   1476,57     0,00   0,00    5,28     8,00  139,29   1112,00     0,14   0,10    6,19     7,98    0,00      0,00     0,00   0,00    0,00     0,00    0,43   16,33    1,84 100,00


20.11.2023 09:50:24
avg-cpu:  %user   %nice %system %iowait  %steal   %idle
          14,48    0,00    4,26   34,84    0,00   46,42

Device            r/s     rkB/s   rrqm/s  %rrqm r_await rareq-sz     w/s     wkB/s   wrqm/s  %wrqm w_await wareq-sz     d/s     dkB/s   drqm/s  %drqm d_await dareq-sz     f/s f_await  aqu-sz  %util
dm-0          1476,00  11811,43     0,00   0,00    0,63     8,00 1148,86   9185,14     0,00   0,00    0,40     8,00    0,00      0,00     0,00   0,00    0,00     0,00    0,00    0,00    1,39  98,69
dm-1          1476,00  11811,43     0,00   0,00    0,63     8,00 1148,86   9185,14     0,00   0,00    0,40     8,00    0,00      0,00     0,00   0,00    0,00     0,00    0,00    0,00    1,39  98,69
dm-2             0,00      0,00     0,00   0,00    0,00     0,00    0,00      0,00     0,00   0,00    0,00     0,00    0,00      0,00     0,00   0,00    0,00     0,00    0,00    0,00    0,00   0,00
loop0            0,00      0,00     0,00   0,00    0,00     0,00    0,00      0,00     0,00   0,00    0,00     0,00    0,00      0,00     0,00   0,00    0,00     0,00    0,00    0,00    0,00   0,00
loop1            0,00      0,00     0,00   0,00    0,00     0,00    0,00      0,00     0,00   0,00    0,00     0,00    0,00      0,00     0,00   0,00    0,00     0,00    0,00    0,00    0,00   0,00
mmcblk0          0,00      0,00     0,00   0,00    0,00     0,00    0,00      0,00     0,00   0,00    0,00     0,00    0,00      0,00     0,00   0,00    0,00     0,00    0,00    0,00    0,00   0,00
sda           1476,00  11811,43     0,00   0,00    0,58     8,00 1148,71   9185,14     0,14   0,01    0,40     8,00    0,00      0,00     0,00   0,00    0,00     0,00    0,43    0,33    1,32  98,69


20.11.2023 09:50:31
avg-cpu:  %user   %nice %system %iowait  %steal   %idle
          13,14    0,00    3,98   35,60    0,00   47,28

Device            r/s     rkB/s   rrqm/s  %rrqm r_await rareq-sz     w/s     wkB/s   wrqm/s  %wrqm w_await wareq-sz     d/s     dkB/s   drqm/s  %drqm d_await dareq-sz     f/s f_await  aqu-sz  %util
dm-0          1420,71  11365,71     0,00   0,00    0,67     8,00 1154,43   9207,43     0,00   0,00    0,43     7,98    0,00      0,00     0,00   0,00    0,00     0,00    0,00    0,00    1,46 100,00
dm-1          1420,71  11365,71     0,00   0,00    0,68     8,00 1154,43   9207,43     0,00   0,00    0,44     7,98    0,00      0,00     0,00   0,00    0,00     0,00    0,00    0,00    1,47 100,00
dm-2             0,00      0,00     0,00   0,00    0,00     0,00    0,00      0,00     0,00   0,00    0,00     0,00    0,00      0,00     0,00   0,00    0,00     0,00    0,00    0,00    0,00   0,00
loop0            0,00      0,00     0,00   0,00    0,00     0,00    0,00      0,00     0,00   0,00    0,00     0,00    0,00      0,00     0,00   0,00    0,00     0,00    0,00    0,00    0,00   0,00
loop1            0,00      0,00     0,00   0,00    0,00     0,00    0,00      0,00     0,00   0,00    0,00     0,00    0,00      0,00     0,00   0,00    0,00     0,00    0,00    0,00    0,00   0,00
mmcblk0          0,00      0,00     0,00   0,00    0,00     0,00    0,00      0,00     0,00   0,00    0,00     0,00    0,00      0,00     0,00   0,00    0,00     0,00    0,00    0,00    0,00   0,00
sda           1420,71  11365,71     0,00   0,00    0,63     8,00 1154,14   9207,43     0,29   0,02    0,42     7,98    0,00      0,00     0,00   0,00    0,00     0,00    1,29    0,33    1,37 100,00


20.11.2023 09:50:38
avg-cpu:  %user   %nice %system %iowait  %steal   %idle
          12,27    0,00    3,92   36,21    0,00   47,59

Device            r/s     rkB/s   rrqm/s  %rrqm r_await rareq-sz     w/s     wkB/s   wrqm/s  %wrqm w_await wareq-sz     d/s     dkB/s   drqm/s  %drqm d_await dareq-sz     f/s f_await  aqu-sz  %util
dm-0          1356,14  10849,14     0,00   0,00    0,69     8,00 1093,71   8741,71     0,00   0,00    0,45     7,99    0,00      0,00     0,00   0,00    0,00     0,00    0,00    0,00    1,43 100,00
dm-1          1356,00  10848,00     0,00   0,00    0,69     8,00 1093,71   8741,71     0,00   0,00    0,45     7,99    0,00      0,00     0,00   0,00    0,00     0,00    0,00    0,00    1,43 100,00
dm-2             0,00      0,00     0,00   0,00    0,00     0,00    0,00      0,00     0,00   0,00    0,00     0,00    0,00      0,00     0,00   0,00    0,00     0,00    0,00    0,00    0,00   0,00
loop0            0,00      0,00     0,00   0,00    0,00     0,00    0,00      0,00     0,00   0,00    0,00     0,00    0,00      0,00     0,00   0,00    0,00     0,00    0,00    0,00    0,00   0,00
loop1            0,00      0,00     0,00   0,00    0,00     0,00    0,00      0,00     0,00   0,00    0,00     0,00    0,00      0,00     0,00   0,00    0,00     0,00    0,00    0,00    0,00   0,00
mmcblk0          0,00      0,00     0,00   0,00    0,00     0,00    0,00      0,00     0,00   0,00    0,00     0,00    0,00      0,00     0,00   0,00    0,00     0,00    0,00    0,00    0,00   0,00
sda           1356,29  10850,29     0,00   0,00    0,64     8,00 1093,43   8741,71     0,29   0,03    0,45     7,99    0,00      0,00     0,00   0,00    0,00     0,00    0,43    0,00    1,36 100,00


20.11.2023 09:50:45
avg-cpu:  %user   %nice %system %iowait  %steal   %idle
          12,78    0,00    3,84   35,62    0,00   47,76

Device            r/s     rkB/s   rrqm/s  %rrqm r_await rareq-sz     w/s     wkB/s   wrqm/s  %wrqm w_await wareq-sz     d/s     dkB/s   drqm/s  %drqm d_await dareq-sz     f/s f_await  aqu-sz  %util
dm-0          1418,71  11349,71     0,00   0,00    0,66     8,00 1108,00   8860,57     0,00   0,00    0,43     8,00    0,00      0,00     0,00   0,00    0,00     0,00    0,00    0,00    1,42 100,00
dm-1          1418,86  11350,86     0,00   0,00    0,66     8,00 1108,00   8860,57     0,00   0,00    0,43     8,00    0,00      0,00     0,00   0,00    0,00     0,00    0,00    0,00    1,42 100,00
dm-2             0,00      0,00     0,00   0,00    0,00     0,00    0,00      0,00     0,00   0,00    0,00     0,00    0,00      0,00     0,00   0,00    0,00     0,00    0,00    0,00    0,00   0,00
loop0            0,00      0,00     0,00   0,00    0,00     0,00    0,00      0,00     0,00   0,00    0,00     0,00    0,00      0,00     0,00   0,00    0,00     0,00    0,00    0,00    0,00   0,00
loop1            0,00      0,00     0,00   0,00    0,00     0,00    0,00      0,00     0,00   0,00    0,00     0,00    0,00      0,00     0,00   0,00    0,00     0,00    0,00    0,00    0,00   0,00
mmcblk0          0,00      0,00     0,00   0,00    0,00     0,00    0,00      0,00     0,00   0,00    0,00     0,00    0,00      0,00     0,00   0,00    0,00     0,00    0,00    0,00    0,00   0,00
sda           1418,57  11348,57     0,00   0,00    0,62     8,00 1107,71   8860,57     0,29   0,03    0,42     8,00    0,00      0,00     0,00   0,00    0,00     0,00    0,43    0,67    1,34 100,00


20.11.2023 09:50:52
avg-cpu:  %user   %nice %system %iowait  %steal   %idle
          12,31    0,00    3,59   35,95    0,00   48,15

Device            r/s     rkB/s   rrqm/s  %rrqm r_await rareq-sz     w/s     wkB/s   wrqm/s  %wrqm w_await wareq-sz     d/s     dkB/s   drqm/s  %drqm d_await dareq-sz     f/s f_await  aqu-sz  %util
dm-0          1439,43  11515,43     0,00   0,00    0,66     8,00 1117,00   8929,71     0,00   0,00    0,43     7,99    0,00      0,00     0,00   0,00    0,00     0,00    0,00    0,00    1,42 100,00
dm-1          1439,43  11515,43     0,00   0,00    0,66     8,00 1117,00   8929,71     0,00   0,00    0,43     7,99    0,00      0,00     0,00   0,00    0,00     0,00    0,00    0,00    1,43 100,00
dm-2             0,00      0,00     0,00   0,00    0,00     0,00    0,00      0,00     0,00   0,00    0,00     0,00    0,00      0,00     0,00   0,00    0,00     0,00    0,00    0,00    0,00   0,00
loop0            0,00      0,00     0,00   0,00    0,00     0,00    0,00      0,00     0,00   0,00    0,00     0,00    0,00      0,00     0,00   0,00    0,00     0,00    0,00    0,00    0,00   0,00
loop1            0,00      0,00     0,00   0,00    0,00     0,00    0,00      0,00     0,00   0,00    0,00     0,00    0,00      0,00     0,00   0,00    0,00     0,00    0,00    0,00    0,00   0,00
mmcblk0          0,00      0,00     0,00   0,00    0,00     0,00    0,00      0,00     0,00   0,00    0,00     0,00    0,00      0,00     0,00   0,00    0,00     0,00    0,00    0,00    0,00   0,00
sda           1439,43  11515,43     0,00   0,00    0,60     8,00 1116,86   8929,71     0,14   0,01    0,40     8,00    0,00      0,00     0,00   0,00    0,00     0,00    0,86    0,33    1,32 100,00


20.11.2023 09:50:59
avg-cpu:  %user   %nice %system %iowait  %steal   %idle
           9,85    0,00    2,58   39,46    0,00   48,12

Device            r/s     rkB/s   rrqm/s  %rrqm r_await rareq-sz     w/s     wkB/s   wrqm/s  %wrqm w_await wareq-sz     d/s     dkB/s   drqm/s  %drqm d_await dareq-sz     f/s f_await  aqu-sz  %util
dm-0           979,29   7834,29     0,00   0,00    0,98     8,00  768,00   6139,43     0,00   0,00    0,81     7,99    0,00      0,00     0,00   0,00    0,00     0,00    0,00    0,00    1,58  99,71
dm-1           979,29   7834,29     0,00   0,00    0,98     8,00  768,00   6139,43     0,00   0,00    0,81     7,99    0,00      0,00     0,00   0,00    0,00     0,00    0,00    0,00    1,58  99,71
dm-2             0,00      0,00     0,00   0,00    0,00     0,00    0,00      0,00     0,00   0,00    0,00     0,00    0,00      0,00     0,00   0,00    0,00     0,00    0,00    0,00    0,00   0,00
loop0            0,00      0,00     0,00   0,00    0,00     0,00    0,00      0,00     0,00   0,00    0,00     0,00    0,00      0,00     0,00   0,00    0,00     0,00    0,00    0,00    0,00   0,00
loop1            0,00      0,00     0,00   0,00    0,00     0,00    0,00      0,00     0,00   0,00    0,00     0,00    0,00      0,00     0,00   0,00    0,00     0,00    0,00    0,00    0,00   0,00
mmcblk0          0,00      0,00     0,00   0,00    0,00     0,00    0,00      0,00     0,00   0,00    0,00     0,00    0,00      0,00     0,00   0,00    0,00     0,00    0,00    0,00    0,00   0,00
sda            979,29   7834,29     0,00   0,00    0,92     8,00  767,71   6139,43     0,29   0,04    0,80     8,00    0,00      0,00     0,00   0,00    0,00     0,00    0,43   18,00    1,52  99,71


20.11.2023 09:51:06
avg-cpu:  %user   %nice %system %iowait  %steal   %idle
          12,12    0,00    3,65   36,19    0,00   48,03

Device            r/s     rkB/s   rrqm/s  %rrqm r_await rareq-sz     w/s     wkB/s   wrqm/s  %wrqm w_await wareq-sz     d/s     dkB/s   drqm/s  %drqm d_await dareq-sz     f/s f_await  aqu-sz  %util
dm-0          1398,57  11188,57     0,00   0,00    0,69     8,00 1121,86   8967,43     0,00   0,00    0,44     7,99    0,00      0,00     0,00   0,00    0,00     0,00    0,00    0,00    1,45 100,06
dm-1          1398,57  11188,57     0,00   0,00    0,69     8,00 1121,86   8967,43     0,00   0,00    0,44     7,99    0,00      0,00     0,00   0,00    0,00     0,00    0,00    0,00    1,46 100,00
dm-2             0,00      0,00     0,00   0,00    0,00     0,00    0,00      0,00     0,00   0,00    0,00     0,00    0,00      0,00     0,00   0,00    0,00     0,00    0,00    0,00    0,00   0,00
loop0            0,00      0,00     0,00   0,00    0,00     0,00    0,00      0,00     0,00   0,00    0,00     0,00    0,00      0,00     0,00   0,00    0,00     0,00    0,00    0,00    0,00   0,00
loop1            0,00      0,00     0,00   0,00    0,00     0,00    0,00      0,00     0,00   0,00    0,00     0,00    0,00      0,00     0,00   0,00    0,00     0,00    0,00    0,00    0,00   0,00
mmcblk0          0,00      0,00     0,00   0,00    0,00     0,00    0,00      0,00     0,00   0,00    0,00     0,00    0,00      0,00     0,00   0,00    0,00     0,00    0,00    0,00    0,00   0,00
sda           1398,57  11188,57     0,00   0,00    0,63     8,00 1121,71   8967,43     0,14   0,01    0,43     7,99    0,00      0,00     0,00   0,00    0,00     0,00    0,86    0,17    1,36 100,06


20.11.2023 09:51:13
avg-cpu:  %user   %nice %system %iowait  %steal   %idle
           9,06    0,00    3,08   39,40    0,00   48,46

Device            r/s     rkB/s   rrqm/s  %rrqm r_await rareq-sz     w/s     wkB/s   wrqm/s  %wrqm w_await wareq-sz     d/s     dkB/s   drqm/s  %drqm d_await dareq-sz     f/s f_await  aqu-sz  %util
dm-0           991,86   7934,86     0,00   0,00    0,97     8,00  803,43   6422,86     0,00   0,00    0,78     7,99    0,00      0,00     0,00   0,00    0,00     0,00    0,00    0,00    1,59  99,94
dm-1           991,86   7934,86     0,00   0,00    0,98     8,00  803,43   6422,86     0,00   0,00    0,78     7,99    0,00      0,00     0,00   0,00    0,00     0,00    0,00    0,00    1,60 100,00
dm-2             0,00      0,00     0,00   0,00    0,00     0,00    0,00      0,00     0,00   0,00    0,00     0,00    0,00      0,00     0,00   0,00    0,00     0,00    0,00    0,00    0,00   0,00
loop0            0,00      0,00     0,00   0,00    0,00     0,00    0,00      0,00     0,00   0,00    0,00     0,00    0,00      0,00     0,00   0,00    0,00     0,00    0,00    0,00    0,00   0,00
loop1            0,00      0,00     0,00   0,00    0,00     0,00    0,00      0,00     0,00   0,00    0,00     0,00    0,00      0,00     0,00   0,00    0,00     0,00    0,00    0,00    0,00   0,00
mmcblk0          0,00      0,00     0,00   0,00    0,00     0,00    0,00      0,00     0,00   0,00    0,00     0,00    0,00      0,00     0,00   0,00    0,00     0,00    0,00    0,00    0,00   0,00
sda            991,86   7934,86     0,00   0,00    0,92     8,00  803,29   6422,86     0,14   0,02    0,76     8,00    0,00      0,00     0,00   0,00    0,00     0,00    0,43    0,33    1,52  99,94


20.11.2023 09:51:20
avg-cpu:  %user   %nice %system %iowait  %steal   %idle
          12,82    0,00    3,75   35,57    0,00   47,86

Device            r/s     rkB/s   rrqm/s  %rrqm r_await rareq-sz     w/s     wkB/s   wrqm/s  %wrqm w_await wareq-sz     d/s     dkB/s   drqm/s  %drqm d_await dareq-sz     f/s f_await  aqu-sz  %util
dm-0          1427,71  11421,71     0,00   0,00    0,66     8,00 1113,00   8900,57     0,00   0,00    0,43     8,00    0,00      0,00     0,00   0,00    0,00     0,00    0,00    0,00    1,43 100,00
dm-1          1427,71  11421,71     0,00   0,00    0,67     8,00 1112,86   8899,43     0,00   0,00    0,43     8,00    0,00      0,00     0,00   0,00    0,00     0,00    0,00    0,00    1,43 100,00
dm-2             0,00      0,00     0,00   0,00    0,00     0,00    0,00      0,00     0,00   0,00    0,00     0,00    0,00      0,00     0,00   0,00    0,00     0,00    0,00    0,00    0,00   0,00
loop0            0,00      0,00     0,00   0,00    0,00     0,00    0,00      0,00     0,00   0,00    0,00     0,00    0,00      0,00     0,00   0,00    0,00     0,00    0,00    0,00    0,00   0,00
loop1            0,00      0,00     0,00   0,00    0,00     0,00    0,00      0,00     0,00   0,00    0,00     0,00    0,00      0,00     0,00   0,00    0,00     0,00    0,00    0,00    0,00   0,00
mmcblk0          0,00      0,00     0,00   0,00    0,00     0,00    0,00      0,00     0,00   0,00    0,00     0,00    0,00      0,00     0,00   0,00    0,00     0,00    0,00    0,00    0,00   0,00
sda           1427,86  11422,86     0,00   0,00    0,61     8,00 1113,00   8900,57     0,00   0,00    0,42     8,00    0,00      0,00     0,00   0,00    0,00     0,00    0,43    0,33    1,35 100,00


20.11.2023 09:51:27
avg-cpu:  %user   %nice %system %iowait  %steal   %idle
           9,51    0,00    2,76   38,75    0,00   48,98

Device            r/s     rkB/s   rrqm/s  %rrqm r_await rareq-sz     w/s     wkB/s   wrqm/s  %wrqm w_await wareq-sz     d/s     dkB/s   drqm/s  %drqm d_await dareq-sz     f/s f_await  aqu-sz  %util
dm-0           958,86   7670,86     0,00   0,00    0,99     8,00  782,86   6256,57     0,00   0,00    0,78     7,99    0,00      0,00     0,00   0,00    0,00     0,00    0,00    0,00    1,56 100,00
dm-1           958,86   7670,86     0,00   0,00    0,99     8,00  783,00   6257,71     0,00   0,00    0,78     7,99    0,00      0,00     0,00   0,00    0,00     0,00    0,00    0,00    1,56 100,00
dm-2             0,00      0,00     0,00   0,00    0,00     0,00    0,00      0,00     0,00   0,00    0,00     0,00    0,00      0,00     0,00   0,00    0,00     0,00    0,00    0,00    0,00   0,00
loop0            0,00      0,00     0,00   0,00    0,00     0,00    0,00      0,00     0,00   0,00    0,00     0,00    0,00      0,00     0,00   0,00    0,00     0,00    0,00    0,00    0,00   0,00
loop1            0,00      0,00     0,00   0,00    0,00     0,00    0,00      0,00     0,00   0,00    0,00     0,00    0,00      0,00     0,00   0,00    0,00     0,00    0,00    0,00    0,00   0,00
mmcblk0          0,00      0,00     0,00   0,00    0,00     0,00    0,00      0,00     0,00   0,00    0,00     0,00    0,00      0,00     0,00   0,00    0,00     0,00    0,00    0,00    0,00   0,00
sda            958,71   7669,71     0,00   0,00    0,93     8,00  782,43   6256,57     0,43   0,05    0,76     8,00    0,00      0,00     0,00   0,00    0,00     0,00    0,86    0,33    1,48 100,00


20.11.2023 09:51:34
avg-cpu:  %user   %nice %system %iowait  %steal   %idle
          16,72    0,00    1,71    9,00    0,00   72,57

Device            r/s     rkB/s   rrqm/s  %rrqm r_await rareq-sz     w/s     wkB/s   wrqm/s  %wrqm w_await wareq-sz     d/s     dkB/s   drqm/s  %drqm d_await dareq-sz     f/s f_await  aqu-sz  %util
dm-0             0,00      0,00     0,00   0,00    0,00     0,00 2071,57  16568,57     0,00   0,00    0,17     8,00    0,00      0,00     0,00   0,00    0,00     0,00    0,00    0,00    0,34 100,00
dm-1             0,00      0,00     0,00   0,00    0,00     0,00 2071,57  16568,57     0,00   0,00    0,17     8,00    0,00      0,00     0,00   0,00    0,00     0,00    0,00    0,00    0,35 100,00
dm-2             0,00      0,00     0,00   0,00    0,00     0,00    0,00      0,00     0,00   0,00    0,00     0,00    0,00      0,00     0,00   0,00    0,00     0,00    0,00    0,00    0,00   0,00
loop0            0,00      0,00     0,00   0,00    0,00     0,00    0,00      0,00     0,00   0,00    0,00     0,00    0,00      0,00     0,00   0,00    0,00     0,00    0,00    0,00    0,00   0,00
loop1            0,00      0,00     0,00   0,00    0,00     0,00    0,00      0,00     0,00   0,00    0,00     0,00    0,00      0,00     0,00   0,00    0,00     0,00    0,00    0,00    0,00   0,00
mmcblk0          0,00      0,00     0,00   0,00    0,00     0,00    0,00      0,00     0,00   0,00    0,00     0,00    0,00      0,00     0,00   0,00    0,00     0,00    0,00    0,00    0,00   0,00
sda              0,00      0,00     0,00   0,00    0,00     0,00 2071,29  16568,57     0,29   0,01    0,15     8,00    0,00      0,00     0,00   0,00    0,00     0,00    0,43   79,67    0,34 100,00


20.11.2023 09:51:41
avg-cpu:  %user   %nice %system %iowait  %steal   %idle
          16,61    0,00    1,38    9,41    0,00   72,59

Device            r/s     rkB/s   rrqm/s  %rrqm r_await rareq-sz     w/s     wkB/s   wrqm/s  %wrqm w_await wareq-sz     d/s     dkB/s   drqm/s  %drqm d_await dareq-sz     f/s f_await  aqu-sz  %util
dm-0             0,00      0,00     0,00   0,00    0,00     0,00 1958,71  15662,29     0,00   0,00    0,18     8,00    0,00      0,00     0,00   0,00    0,00     0,00    0,00    0,00    0,35 100,00
dm-1             0,00      0,00     0,00   0,00    0,00     0,00 1958,71  15662,29     0,00   0,00    0,18     8,00    0,00      0,00     0,00   0,00    0,00     0,00    0,00    0,00    0,35 100,00
dm-2             0,00      0,00     0,00   0,00    0,00     0,00    0,00      0,00     0,00   0,00    0,00     0,00    0,00      0,00     0,00   0,00    0,00     0,00    0,00    0,00    0,00   0,00
loop0            0,00      0,00     0,00   0,00    0,00     0,00    0,00      0,00     0,00   0,00    0,00     0,00    0,00      0,00     0,00   0,00    0,00     0,00    0,00    0,00    0,00   0,00
loop1            0,00      0,00     0,00   0,00    0,00     0,00    0,00      0,00     0,00   0,00    0,00     0,00    0,00      0,00     0,00   0,00    0,00     0,00    0,00    0,00    0,00   0,00
mmcblk0          0,00      0,00     0,00   0,00    0,00     0,00    0,00      0,00     0,00   0,00    0,00     0,00    0,00      0,00     0,00   0,00    0,00     0,00    0,00    0,00    0,00   0,00
sda              0,00      0,00     0,00   0,00    0,00     0,00 1958,43  15663,43     0,43   0,02    0,17     8,00    0,00      0,00     0,00   0,00    0,00     0,00    0,86   27,17    0,35 100,00


20.11.2023 09:51:48
avg-cpu:  %user   %nice %system %iowait  %steal   %idle
          12,66    0,00    1,29   12,41    0,00   73,65

Device            r/s     rkB/s   rrqm/s  %rrqm r_await rareq-sz     w/s     wkB/s   wrqm/s  %wrqm w_await wareq-sz     d/s     dkB/s   drqm/s  %drqm d_await dareq-sz     f/s f_await  aqu-sz  %util
dm-0             0,00      0,00     0,00   0,00    0,00     0,00 1078,43   8622,86     0,00   0,00    0,44     8,00    0,00      0,00     0,00   0,00    0,00     0,00    0,00    0,00    0,48 100,00
dm-1             0,00      0,00     0,00   0,00    0,00     0,00 1078,43   8622,86     0,00   0,00    0,45     8,00    0,00      0,00     0,00   0,00    0,00     0,00    0,00    0,00    0,48 100,00
dm-2             0,00      0,00     0,00   0,00    0,00     0,00    0,00      0,00     0,00   0,00    0,00     0,00    0,00      0,00     0,00   0,00    0,00     0,00    0,00    0,00    0,00   0,00
loop0            0,00      0,00     0,00   0,00    0,00     0,00    0,00      0,00     0,00   0,00    0,00     0,00    0,00      0,00     0,00   0,00    0,00     0,00    0,00    0,00    0,00   0,00
loop1            0,00      0,00     0,00   0,00    0,00     0,00    0,00      0,00     0,00   0,00    0,00     0,00    0,00      0,00     0,00   0,00    0,00     0,00    0,00    0,00    0,00   0,00
mmcblk0          0,00      0,00     0,00   0,00    0,00     0,00    0,00      0,00     0,00   0,00    0,00     0,00    0,00      0,00     0,00   0,00    0,00     0,00    0,00    0,00    0,00   0,00
sda              0,00      0,00     0,00   0,00    0,00     0,00 1078,14   8621,71     0,14   0,01    0,42     8,00    0,00      0,00     0,00   0,00    0,00     0,00    0,43   15,67    0,46 100,00


20.11.2023 09:51:55
avg-cpu:  %user   %nice %system %iowait  %steal   %idle
          15,97    0,00    1,53   10,10    0,00   72,40

Device            r/s     rkB/s   rrqm/s  %rrqm r_await rareq-sz     w/s     wkB/s   wrqm/s  %wrqm w_await wareq-sz     d/s     dkB/s   drqm/s  %drqm d_await dareq-sz     f/s f_await  aqu-sz  %util
dm-0             0,00      0,00     0,00   0,00    0,00     0,00 1916,57  15329,14     0,00   0,00    0,20     8,00    0,00      0,00     0,00   0,00    0,00     0,00    0,00    0,00    0,38 100,00
dm-1             0,00      0,00     0,00   0,00    0,00     0,00 1916,57  15329,14     0,00   0,00    0,20     8,00    0,00      0,00     0,00   0,00    0,00     0,00    0,00    0,00    0,38 100,00
dm-2             0,00      0,00     0,00   0,00    0,00     0,00    0,00      0,00     0,00   0,00    0,00     0,00    0,00      0,00     0,00   0,00    0,00     0,00    0,00    0,00    0,00   0,00
loop0            0,00      0,00     0,00   0,00    0,00     0,00    0,00      0,00     0,00   0,00    0,00     0,00    0,00      0,00     0,00   0,00    0,00     0,00    0,00    0,00    0,00   0,00
loop1            0,00      0,00     0,00   0,00    0,00     0,00    0,00      0,00     0,00   0,00    0,00     0,00    0,00      0,00     0,00   0,00    0,00     0,00    0,00    0,00    0,00   0,00
mmcblk0          0,00      0,00     0,00   0,00    0,00     0,00    0,00      0,00     0,00   0,00    0,00     0,00    0,00      0,00     0,00   0,00    0,00     0,00    0,00    0,00    0,00   0,00
sda              0,00      0,00     0,00   0,00    0,00     0,00 1916,29  15329,14     0,29   0,01    0,18     8,00    0,00      0,00     0,00   0,00    0,00     0,00    0,43   95,33    0,39 100,00


